HYDROGEN
S   4
1         1.301000E+01           1.968500E-02
2         1.962000E+00           1.379770E-01
3         4.446000E-01           4.781480E-01
4         1.220000E-01           5.012400E-01
S   1
1         1.220000E-01           1.000000E+00
S   1
1         0.0297400              1.0000000
P   1
1         7.270000E-01           1.0000000

CARBON
 S   1
  1     42.4412971              1.0000000
 S   1
  1     16.4527518              1.0000000
 S   1
  1     10.0218576              1.0000000
 S   1
  1      2.5703763              1.0000000
 S   1
  1      1.0724235              1.0000000
 P   1
  1      7.7430428              1.0000000
 P   1
  1      1.8552246              1.0000000
 P   1
  1      0.6816681              1.0000000
 D   1
  1      2.3175051              1.0000000

NITROGEN
 S   1
  1     49.2156905              1.0000000
 S   1
  1     21.4811973              1.0000000
 S   1
  1     11.9414038              1.0000000
 S   1
  1      3.8090908              1.0000000
 S   1
  1      1.5093610              1.0000000
 P   1
  1     10.7313215              1.0000000
 P   1
  1      2.7465233              1.0000000
 P   1
  1      0.9814625              1.0000000
 D   1
  1      3.4378276              1.0000000


